0
0.001050249856220034
0.003681999410249944
0.007327140966810324
0.01161780885929444
0.01631582064311457
0.02126698081165106
0.02637148632846564
0.03156476024402788
0.03680503889506715
0.04206533295400049
0.04732822113260122
0.05258247840900332
0.05782089235447879
0.06303884891407587
0.06823341651176991
0.073402752887528
0.07854572094654109
0.0836616399718436
0.08875012450286245
0.09381097998939784
0.09884413521529724
0.1038495985354255
0.1088274295349268
0.1137777206764789
0.1187005854161013
0.1235961505082111
0.1284645510237674
0.1333059271254971
0.138120421981055
0.1429081804131423
0.1476693480268929
0.152404070646348
0.1571124939510959
0.1617947632425377
0.1664510232940948
0.1710814182557697
0.1756860915939004
0.180265186053698
0.1848188436365316
0.1893472055867545
0.1938504123847014
0.1983286037436744
0.2027819186095031
0.207210495161763
0.2116144708160609
0.2159939822270018
0.2203491652915887
0.2246801551528965
0.2289870862039124
0.2332700920914784
0.2375293057202907
0.241764859256928
0.245976884133891
0.2501655110536402
0.2543308699926262
0.2584730902053061
0.2625923002281432
0.2666886278835885
0.2707622002840432
0.2748131438357991
0.2788415842429601
0.2828476465113411
0.2868314549523466
0.2907931331868274
0.2947328041489164
0.2986505900898433
0.3025466125817275
0.3064209925213511
0.3102738501339102
0.3141053049767452
0.3179154759430511
0.3217044812655669
0.3254724385202441
0.3292194646298954
0.3329456758678228
0.336651187861426
0.3403361155957898
0.3440005734172525
0.3476446750369544
0.3512685335343659
0.3548722613607969
0.3584559703428857
0.3620197716860697
0.3655637759780357
0.3690880931921519
0.3725928326908801
0.3760781032291696
0.3795440129578318
0.3829906694268963
0.3864181795889482
0.3898266498024469
0.3932161858350264
0.3965868928667777
0.3999388754935126
0.4032722377300088
0.4065870830132382
0.4098835142055764
0.4131616335979947
0.4164215429132339
0.4196633433089613
0.4228871353809096
0.4260930191659983
0.4292810941454381
0.4324514592478178
0.435604212852174
0.4387394527910443
0.4418572763535025
0.4449577802881783
0.4480410608062589
0.4511072135844749
0.4541563337680687
0.4571885159737474
0.460203854292619
0.4632024422931114
0.4661843730238767
0.4691497390166781
0.4720986322892613
0.47503114434821
0.4779473661917853
0.4808473883127496
0.4837313007011747
0.486599192847234
0.4894511537439794
0.4922872718901035
0.4951076352926849
0.4979123314699197
0.5007014474538372
0.5034750697930003
0.5062332845551915
0.5089761773300834
0.5117038332318949
0.5144163369020323
0.5171137725117151
0.5197962237645891
0.5224637738993231
0.5251165056921916
0.5277545014596441
0.530377843060859
0.5329866119002838
0.5355808889301614
0.5381607546530417
0.54072628912428
0.543277571954521
0.5458146823121695
0.5483376989258465
0.5508467000868328
0.553341763651498
0.5558229670437167
0.558290387257271
0.5607441008582393
0.563184183987373
0.5656107123624584
0.5680237612806669
0.5704234056208911
0.5728097198460687
0.5751827780054927
0.5775426537371096
0.5798894202698043
0.5822231504256726
0.5845439166222808
0.5868517908749126
0.5891468447988043
0.5914291496113667
0.5936987761343956
0.5959557947962686
0.5982002756341313
0.6004322882960699
0.6026519020432731
0.6048591857521813
0.6070542079166235
0.6092370366499427
0.6114077396871099
0.6135663843868259
0.615713037733611
0.6178477663398841
0.6199706364480299
0.6220817139324536
0.624181064301626
0.6262687527001157
0.628344843910611
0.6304094023559296
0.6324624921010181
0.6345041768549401
0.6365345199728526
0.6385535844579726
0.6405614329635317
0.6425581277947204
0.6445437309106218
0.6465183039261336
0.6484819081138805
0.6504346044061156
0.6523764533966109
0.6543075153425376
0.6562278501663362
0.6581375174575758
0.660036576474803
0.6619250861473812
0.6638031050773189
0.6656706915410878
0.6675279034914323
0.6693747985591666
0.6712114340549639
0.673037866971134
0.6748541539833927
0.6766603514526198
0.6784565154266083
0.6802427016418039
0.6820189655250337
0.683785362195227
0.6855419464651255
0.6872887728429836
0.6890258955342607
0.6907533684433027
0.6924712451750146
0.6941795790365244
0.695878423038837
0.697567829898479
0.6992478520391349
0.7009185415932734
0.7025799504037656
0.7042321300254936
0.7058751317269496
0.7075090064918279
0.7091338050206062
0.7107495777321192
0.7123563747651231
0.7139542459798517
0.7155432409595629
0.7171234090120776
0.7186947991713105
0.7202574601987906
0.7218114405851747
0.7233567885517523
0.7248935520519421
0.7264217787727792
0.7279415161363959
0.7294528113014925
0.7309557111648011
0.7324502623625403
0.7339365112718631
0.7354145040122958
0.7368842864471686
0.7383459041850394
0.7397994025811089
0.7412448267386277
0.7426822215102962
0.7441116314996563
0.7455331010624758
0.7469466743081244
0.7483523951009429
0.7497503070616032
0.7511404535684634
0.7525228777589129
0.7538976225307114
0.7552647305433199
0.7566242442192246
0.7579762057452529
0.759320657073883
0.7606576399245453
0.7619871957849175
0.7633093659122113
0.7646241913344535
0.765931712851758
0.7672319710375931
0.7685250062400398
0.7698108585830438
0.7710895679676609
0.7723611740732952
0.77362571635893
0.7748832340643524
0.7761337662113714
0.7773773516050279
0.7786140288347992
0.7798438362757972
0.7810668120899582
0.7822829942272278
0.7834924204267381
0.7846951282179786
0.7858911549219614
0.7870805376523786
0.7882633133167549
0.7894395186175918
0.7906091900535072
0.7917723639203678
0.7929290763124152
0.7940793631233865
0.7952232600476276
0.7963608025812008
0.7974920260229865
0.7986169654757787
0.7997356558473737
0.800848131851654
0.801954428009665
0.8030545786506863
0.8041486179132971
0.8052365797464356
0.8063184979104524
0.8073944059781579
0.8084643373358644
0.8095283251844221
0.8105864025402488
0.8116386022363553
0.8126849569233635
0.8137254990705201
0.8147602609667036
0.8157892747214268
0.8168125722658329
0.8178301853536862
0.8188421455623579
0.8198484842938056
0.8208492327755479
0.8218444220616332
0.8228340830336036
0.8238182464014531
0.8247969427045805
0.825770202312737
0.8267380554269687
0.8277005320805537
0.8286576621399343
0.8296094753056434
0.8305560011132267
0.8314972689341583
0.8324333079767527
0.8333641472870714
0.8342898157498239
0.8352103420892638
0.8361257548700808
0.8370360824982862
0.837941353222095
0.8388415951328023
0.8397368361656553
0.8406271041007195
0.8415124265637411
0.8423928310270044
0.8432683448101838
0.8441389950811922
0.8450048088570237
0.8458658130045917
0.8467220342415633
0.8475734991371875
0.8484202341131203
0.8492622654442444
0.8500996192594849
0.8509323215426191
0.8517603981330839
0.8525838747267769
0.8534027768768542
0.8542171299945229
0.8550269593498303
0.8558322900724473
0.8566331471524485
0.857429555441088
0.8582215396515698
0.8590091243598152
0.8597923340052258
0.8605711928914409
0.8613457251870924
0.8621159549265545
0.8628819060106894
0.8636436022075894
0.8644010671533139
0.8651543243526231
0.8659033971797077
0.8666483088789134
0.867389082565463
0.8681257412261733
0.8688583077201684
0.8695868047795892
0.8703112550102986
0.871031680892583
0.8717481047818501
0.8724605489093225
0.8731690353827274
0.8738735861869827
0.8745742231848795
0.8752709681177601
0.8759638426061926
0.8766528681506428
0.8773380661321396
0.8780194578129401
0.8786970643371885
0.8793709067315728
0.8800410059059766
0.8807073826541284
0.8813700576542469
0.8820290514696822
0.8826843845495546
0.8833360772293883
0.8839841497317433
0.8846286221668423
0.8852695145331954
0.8859068467182196
0.8865406384988569
0.8871709095421874
0.8877976794060399
0.8884209675395989
0.8890407932840079
0.8896571758729696
0.8902701344333426
0.890879687985735
0.8914858554450951
0.8920886556212977
0.892688107219728
0.8932842288418623
0.8938770389858448
0.8944665560470617
0.8950527983187124
0.8956357839923769
0.8962155311585799
0.8967920578073529
0.897365381828792
0.8979355210136131
0.8985024930537041
0.8990663155426738
0.8996270059763977
0.900184581753561
0.9007390601761989
0.9012904584502328
0.9018387936860047
0.902384082898808
0.9029263430094152
0.9034655908446038
0.9040018431376773
0.9045351165289857
0.9050654275664409
0.9055927927060307
0.9061172283123289
0.9066387506590039
0.907157375929323
0.907673120216655
0.9081859995249691
0.9086960297693322
0.9092032267764022
0.9097076062849194
0.910209183946195
0.9107079753245961
0.9112039958980296
0.9116972610584219
0.9121877861121965
0.9126755862807494
0.9131606767009209
0.9136430724254659
0.9141227884235205
0.9145998395810665
0.9150742407013939
0.9155460065055595
0.9160151516328443
0.9164816906412074
0.9169456380077382
0.9174070081291049
0.9178658153220018
0.9183220738235935
0.9187757977919565
0.9192270013065187
0.9196756983684963
0.9201219029013281
0.9205656287511079
0.9210068896870137
0.9214456994017353
0.921882071511899
0.9223160195584906
0.9227475570072747
0.9231766972492133
0.9236034536008809
0.9240278393048784
0.9244498675302431
0.9248695513728578
0.9252869038558574
0.9257019379300329
0.9261146664742327
0.9265251022957631
0.9269332581307854
0.9273391466447108
0.9277427804325937
0.9281441720195225
0.9285433338610082
0.928940278343371
0.9293350177841249
0.9297275644323592
0.9301179304691194
0.9305061280077846
0.9308921690944439
0.9312760657082696
0.9316578297618892
0.9320374731017553
0.9324150075085134
0.9327904446973664
0.933163796318439
0.9335350739571392
0.9339042891345175
0.9342714533076245
0.9346365778698664
0.9349996741513588
0.9353607534192777
0.9357198268782101
0.9360769056705006
0.9364320008765979
0.9367851235153984
0.9371362845445879
0.9374854948609818
0.9378327653008636
0.9381781066403205
0.9385215295955786
0.9388630448233345
0.9392026629210868
0.9395403944274641
0.9398762498225528
0.9402102395282224
0.940542373908448
0.9408726632696325
0.9412011178609266
0.9415277478745464
0.9418525634460897
0.942175574654851
0.9424967915241338
0.9428162240215617
0.9431338820593878
0.9434497754948021
0.9437639141302381
0.9440763077136758
0.9443869659389452
0.9446958984460263
0.9450031148213491
0.9453086245980904
0.9456124372564697
0.9459145622240439
0.9462150088759992
0.9465137865354422
0.9468109044736892
0.9471063719105546
0.9474001980146357
0.9476923919035983
0.947982962644459
0.948271919253867
0.9485592706983835
0.9488450258947602
0.9491291937102159
0.9494117829627116
0.9496928024212242
0.9499722608060187
0.9502501667889186
0.9505265289935751
0.9508013559957349
0.9510746563235057
0.9513464384576217
0.9516167108317057
0.9518854818325322
0.9521527598002862
0.9524185530288229
0.9526828697659248
0.9529457182135576
0.9532071065281247
0.9534670428207207
0.9537255351573825
0.9539825915593398
0.9542382200032644
0.9544924284215169
0.9547452247023938
0.9549966166903715
0.9552466121863502
0.9554952189478958
0.9557424446894806
0.9559882970827225
0.9562327837566236
0.9564759122978065
0.9567176902507497
0.9569581251180221
0.9571972243605154
0.9574349953976756
0.9576714456077338
0.9579065823279342
0.9581404128547628
0.9583729444441731
0.9586041843118116
0.9588341396332415
0.9590628175441657
0.9592902251406478
0.9595163694793326
0.959741257577665
0.9599648964141075
0.9601872929283574
0.9604084540215611
0.9606283865565294
0.9608470973579498
0.9610645932125983
0.96128088086955
0.961495967040389
0.961709858399416
0.9619225615838559
0.9621340831940633
0.9623444297937279
0.9625536079100776
0.9627616240340815
0.962968484620651
0.96317419608884
0.9633787648220447
0.9635821971682011
0.9637844994399825
0.9639856779149946
0.9641857388359709
0.9643846884109664
0.9645825328135499
0.9647792781829961
0.9649749306244756
0.9651694962092445
0.965362980974833
0.9655553909252325
0.965746732031082
0.9659370102298533
0.9661262314260357
0.9663144014913183
0.9665015262647731
0.9666876115530357
0.9668726631304856
0.9670566867394255
0.9672396880902592
0.9674216728616694
0.967602646700793
0.9677826152233973
0.9679615840140533
0.9681395586263101
0.9683165445828661
0.9684925473757412
0.9686675724664466
0.9688416252861549
0.9690147112358684
0.9691868356865863
0.9693580039794719
0.9695282214260184
0.9696974933082129
0.9698658248787012
0.9700332213609504
0.970199687949411
0.9703652298096782
0.9705298520786519
0.9706935598646969
0.9708563582478
0.9710182522797293
0.9711792469841896
0.9713393473569789
0.9714985583661435
0.9716568849521321
0.9718143320279488
0.9719709044793057
0.9721266071647748
0.9722814449159387
0.9724354225375402
0.9725885448076316
0.9727408164777225
0.9728922422729281
0.9730428268921156
0.9731925750080497
0.9733414912675374
0.9734895802915728
0.97363684667548
0.973783294989056
0.9739289297767125
0.9740737555576167
0.9742177768258318
0.9743609980504562
0.9745034236757623
0.9746450581213343
0.9747859057822055
0.9749259710289948
0.9750652582080421
0.9752037716415429
0.975341515627683
0.9754784944407716
0.975614712331374
0.9757501735264433
0.9758848822294519
0.9760188426205215
0.9761520588565534
0.9762845350713569
0.976416275375778
0.9765472838578265
0.9766775645828035
0.976807121593427
0.9769359589099577
0.9770640805303232
0.9771914904302431
0.9773181925633513
0.977444190861319
0.9775694892339771
0.9776940915694373
0.9778180017342124
0.9779412235733368
0.9780637609104855
0.978185617548093
0.9783067972674708
0.9784273038289255
0.9785471409718747
0.9786663124149635
0.9787848218561798
0.9789026729729688
0.979019869422348
0.9791364148410193
0.9792523128454831
0.9793675670321497
0.9794821809774512
0.9795961582379527
0.9797095023504622
0.9798222168321408
0.9799343051806116
0.9800457708740684
0.9801566173713834
0.9802668481122143
0.9803764665171117
0.9804854759876249
0.9805938799064076
0.9807016816373224
0.9808088845255458
0.9809154918976715
0.9810215070618138
0.9811269333077106
0.981231773906825
0.9813360321124471
0.9814397111597948
0.9815428142661141
0.9816453446307792
0.9817473054353918
0.9818486998438792
0.9819495310025934
0.9820498020404083
0.9821495160688166
0.9822486761820267
0.9823472854570584
0.9824453469538387
0.9825428637152963
0.9826398387674568
0.9827362751195355
0.982832175764032
0.9829275436768221
0.9830223818172504
0.9831166931282227
0.9832104805362964
0.983303746951772
0.983396495268783
0.9834887283653858
0.9835804491036494
0.9836716603297437
0.9837623648740282
0.9838525655511395
0.9839422651600788
0.9840314664842986
0.9841201722917895
0.9842083853351654
0.9842961083517497
0.9843833440636599
0.9844700951778917
0.9845563643864038
0.9846421543662005
0.9847274677794156
0.9848123072733942
0.9848966754807758
0.9849805750195751
0.985064008493264
0.9851469784908516
0.9852294875869653
0.9853115383419302
0.9853931333018487
0.9854742749986797
0.9855549659503164
0.9856352086606659
0.9857150056197252
0.9857943593036597
0.9858732721748793
0.9859517466821154
0.9860297852604966
0.9861073903316239
0.9861845643036466
0.9862613095713366
0.9863376285161626
0.9864135235063642
0.9864889968970255
0.9865640510301479
0.9866386882347228
0.9867129108268041
0.9867867211095799
0.9868601213734438
0.9869331138960666
0.9870057009424661
0.987077884765078
0.9871496676038257
0.9872210516861899
0.9872920392272774
0.9873626324298899
0.9874328334845927
0.9875026445697821
0.9875720678517537
0.9876411054847688
0.9877097596111221
0.9877780323612075
0.9878459258535848
0.9879134421950445
0.9879805834806744
0.9880473517939238
0.9881137492066685
0.9881797777792748
0.9882454395606635
0.9883107365883737
0.988375670888626
0.988440244476385
0.9885044593554222
0.9885683175183784
0.9886318209468246
0.9886949716113245
0.9887577714714951
0.9888202224760679
0.9888823265629489
0.9889440856592792
0.989005501681494
0.9890665765353831
0.9891273121161495
0.9891877103084681
0.9892477729865445
0.9893075020141733
0.9893668992447949
0.9894259665215546
0.9894847056773584
0.9895431185349306
0.9896012069068703
0.9896589725957073
0.9897164173939587
0.9897735430841835
0.9898303514390392
0.9898868442213354
0.9899430231840899
0.9899988900705819
0.990054446614407
0.9901096945395303
0.9901646355603406
0.9902192713817028
0.9902736036990114
0.9903276341982428
0.9903813645560079
0.9904347964396041
0.9904879315070665
0.99054077140722
0.99059331777973
0.990645572255154
0.9906975364549913
0.9907492119917335
0.990800600468915
0.9908517034811627
0.9909025226142449
0.9909530594451214
0.9910033155419914
0.9910532924643429
0.9911029917630011
0.9911524149801759
0.9912015636495106
0.9912504392961287
0.9912990434366815
0.9913473775793957
0.9913954432241195
0.9914432418623694
0.9914907749773765
0.9915380440441324
0.991585050529435
0.9916317958919344
0.9916782815821775
0.9917245090426536
0.9917704797078387
0.9918161950042405
0.991861656350442
0.9919068651571464
0.9919518228272202
0.9919965307557367
0.9920409903300199
0.9920852029296867
0.9921291699266906
0.9921728926853637
0.9922163725624591
0.9922596109071931
0.992302609061287
0.9923453683590091
0.9923878901272155
0.9924301756853916
0.9924722263456932
0.9925140434129868
0.9925556281848904
0.9925969819518137
0.9926381059969979
0.992679001596556
0.9927196700195123
0.9927601125278414
0.9928003303765075
0.9928403248135036
0.9928800970798898
0.9929196484098324
0.9929589800306415
0.9929980931628098
0.9930369890200499
0.9930756688093323
0.9931141337309226
0.993152384978419
0.9931904237387891
0.9932282511924071
0.9932658685130898
0.9933032768681337
0.9933404774183507
0.9933774713181047
0.9934142597153468
0.9934508437516513
0.9934872245622507
0.9935234032760716
0.9935593810157692
0.9935951588977625
0.9936307380322685
0.9936661195233369
0.9937013044688847
0.9937362939607295
0.9937710890846241
0.9938056909202897
0.9938401005414499
0.9938743190158634
0.9939083474053577
0.9939421867658615
0.9939758381474383
0.9940093025943177
0.9940425811449295
0.9940756748319342
0.9941085846822562
0.9941413117171153
0.9941738569520583
0.9942062213969904
0.9942384060562072
0.9942704119284249
0.9943022400068122
0.9943338912790207
0.9943653667272152
0.9943966673281048
0.994427794052973
0.9944587478677076
0.9944895297328309
0.9945201406035294
0.9945505814296839
0.9945808531558981
0.9946109567215284
0.9946408930607135
0.9946706631024024
0.994700267770384
0.9947297079833154
0.9947589846547508
0.9947880986931694
0.9948170510020038
0.9948458424796678
0.9948744740195846
0.9949029465102147
0.9949312608350828
0.9949594178728054
0.9949874184971187
0.9950152635769053
0.9950429539762208
0.9950704905543211
0.9950978741656888
0.99512510566006
0.9951521858824501
0.9951791156731808
0.9952058958679059
0.9952325272976367
0.9952590107887681
0.9952853471631048
0.9953115372378862
0.995337581825812
0.9953634817350671
0.9953892377693467
0.9954148507278822
0.9954403214054645
0.9954656505924696
0.9954908390748833
0.9955158876343247
0.9955407970480714
0.9955655680890827
0.9955902015260245
0.9956146981232927
0.995639058641037
0.995663283835184
0.9956873744574616
0.9957113312554214
0.9957351549724628
0.9957588463478551
0.9957824061167612
0.9958058350102601
0.9958291337553696
0.9958523030750691
0.9958753436883216
0.9958982563100963
0.9959210416513906
0.9959437004192524
0.995966233316802
0.9959886410432537
0.9960109242939376
0.9960330837603214
0.9960551201300315
0.9960770340868745
0.9960988263108587
0.9961204974782146
0.9961420482614166
