0
0.0022
0.0044
0.0066
0.008800000000000001
0.011
0.0132
0.0154
0.0176
0.0198
0.022
0.0242
0.0264
0.0286
0.0308
0.033
0.0352
0.0374
0.0396
0.0418
0.044
0.0462
0.04840000000000001
0.05060000000000001
0.0528
0.055
0.0572
0.0594
0.0616
0.06380000000000001
0.066
0.06820000000000001
0.0704
0.0726
0.07480000000000001
0.077
0.07920000000000001
0.0814
0.08360000000000001
0.0858
0.08800000000000001
0.0902
0.09240000000000001
0.0946
0.09680000000000001
0.099
0.1012
0.1034
0.1056
0.1078
0.11
0.1122
0.1144
0.1166
0.1188
0.121
0.1232
0.1254
0.1276
0.1298
0.132
0.1342
0.1364
0.1386
0.1408
0.143
0.1452
0.1474
0.1496
0.1518
0.154
0.1562
0.1584
0.1606
0.1628
0.165
0.1672
0.1694
0.1716
0.1738
0.176
0.1782
0.1804
0.1826
0.1848
0.187
0.1892
0.1914
0.1936
0.1958
0.198
0.2002
0.2024
0.2046
0.2068
0.209
0.2112
0.2134
0.2156
0.2178
0.22
0.2222
0.2244
0.2266
0.2288
0.231
0.2332
0.2354
0.2376
0.2398
0.242
0.2442
0.2464
0.2486
0.2508
0.253
0.2552
0.2574
0.2596
0.2618
0.264
0.2662
0.2684
0.2706
0.2728
0.275
0.2772
0.2794
0.2816
0.2838
0.286
0.2882
0.2904
0.2926
0.2948
0.297
0.2992
0.3014
0.3036
0.3058
0.308
0.3102
0.3124
0.3146
0.3168
0.319
0.3212
0.3234
0.3256
0.3278
0.33
0.3322
0.3344
0.3366
0.3388
0.341
0.3432
0.3454
0.3476
0.3498
0.352
0.3542
0.3564
0.3586
0.3608
0.363
0.3652
0.3674
0.3696
0.3718
0.374
0.3762
0.3784
0.3806
0.3828
0.385
0.3872
0.3894
0.3916
0.3938
0.396
0.3982
0.4004
0.4026
0.4048
0.407
0.4092
0.4114
0.4136
0.4158
0.418
0.4202
0.4224
0.4246
0.4268
0.429
0.4312
0.4334
0.4356
0.4378
0.44
0.4422
0.4444
0.4466000000000001
0.4488
0.451
0.4532
0.4554
0.4576
0.4598
0.462
0.4642
0.4664
0.4686
0.4708000000000001
0.473
0.4752
0.4774
0.4796
0.4818
0.484
0.4862
0.4884000000000001
0.4906
0.4928
0.4950000000000001
0.4972
0.4994
0.5016
0.5038
0.506
0.5082
0.5104000000000001
0.5126000000000001
0.5148
0.517
0.5192
0.5214000000000001
0.5236000000000001
0.5258
0.528
0.5302
0.5324
0.5346000000000001
0.5368000000000001
0.539
0.5412
0.5434
0.5456000000000001
0.5478000000000001
0.55
0.5522
0.5544
0.5566
0.5588000000000001
0.5610000000000001
0.5632
0.5654
0.5676
0.5698000000000001
0.5720000000000001
0.5742
0.5764
0.5786
0.5808
0.5830000000000001
0.5852000000000001
0.5874
0.5896
0.5918
0.5940000000000001
0.5962000000000001
0.5984
0.6006
0.6028
0.605
0.6072000000000001
0.6094000000000001
0.6116
0.6138
0.616
0.6182000000000001
0.6204000000000001
0.6226
0.6248
0.627
0.6292000000000001
0.6314000000000001
0.6336000000000001
0.6358
0.638
0.6402
0.6424000000000001
0.6446000000000001
0.6468
0.649
0.6512
0.6534000000000001
0.6556000000000001
0.6578000000000001
0.66
0.6622
0.6644
0.6666000000000001
0.6688000000000001
0.671
0.6732
0.6754
0.6776000000000001
0.6798000000000001
0.6820000000000001
0.6842
0.6864
0.6886
0.6908000000000001
0.6930000000000001
0.6952
0.6974
0.6996
0.7018000000000001
0.7040000000000001
0.7062
0.7084
0.7106
0.7128
0.7150000000000001
0.7172000000000001
0.7194
0.7216
0.7238
0.7260000000000001
0.7282000000000001
0.7304
0.7326
0.7348
0.7370000000000001
0.7392000000000001
0.7414000000000001
0.7436
0.7458
0.748
0.7502000000000001
0.7524000000000001
0.7546
0.7568
0.759
0.7612000000000001
0.7634000000000001
0.7656000000000001
0.7678
0.77
0.7722
0.7744000000000001
0.7766000000000001
0.7788
0.781
0.7832
0.7854000000000001
0.7876000000000001
0.7898000000000001
0.792
0.7942
0.7964
0.7986000000000001
0.8008000000000001
0.803
0.8052
0.8074
0.8096000000000001
0.8118000000000001
0.8140000000000001
0.8162
0.8184
0.8206
0.8228000000000001
0.8250000000000001
0.8272
0.8294
0.8316
0.8338000000000001
0.8360000000000001
0.8382000000000001
0.8404
0.8426
0.8448
0.8470000000000001
0.8492000000000001
0.8514
0.8536
0.8558
0.8580000000000001
0.8602000000000001
0.8624000000000001
0.8646
0.8668
0.8690000000000001
0.8712000000000001
0.8734000000000001
0.8756
0.8778
0.88
0.8822000000000001
0.8844000000000001
0.8866000000000001
0.8888
0.891
0.8932000000000001
0.8954000000000001
0.8976000000000001
0.8998
0.902
0.9042
0.9064000000000001
0.9086000000000001
0.9108000000000001
0.913
0.9152
0.9174000000000001
0.9196000000000001
0.9218000000000001
0.924
0.9262
0.9284
0.9306000000000001
0.9328000000000001
0.9350000000000001
0.9372
0.9394
0.9416000000000001
0.9438000000000001
0.9460000000000001
0.9482
0.9504
0.9526
0.9548000000000001
0.9570000000000001
0.9592000000000001
0.9614
0.9636
0.9658000000000001
0.9680000000000001
0.9702000000000001
0.9724
0.9746
0.9768000000000001
0.9790000000000001
0.9812000000000001
0.9834000000000001
0.9856
0.9878
0.9900000000000001
0.9922000000000001
0.9944000000000001
0.9966
0.9988
1.001
1.0032
1.0054
1.0076
1.0098
1.012
1.0142
1.0164
1.0186
1.0208
1.023
1.0252
1.0274
1.0296
1.0318
1.034
1.0362
1.0384
1.0406
1.0428
1.045
1.0472
1.0494
1.0516
1.0538
1.056
1.0582
1.0604
1.0626
1.0648
1.067
1.0692
1.0714
1.0736
1.0758
1.078
1.0802
1.0824
1.0846
1.0868
1.089
1.0912
1.0934
1.0956
1.0978
1.1
1.1022
1.1044
1.1066
1.1088
1.111
1.1132
1.1154
1.1176
1.1198
1.122
1.1242
1.1264
1.1286
1.1308
1.133
1.1352
1.1374
1.1396
1.1418
1.144
1.1462
1.1484
1.1506
1.1528
1.155
1.1572
1.1594
1.1616
1.1638
1.166
1.1682
1.1704
1.1726
1.1748
1.177
1.1792
1.1814
1.1836
1.1858
1.188
1.1902
1.1924
1.1946
1.1968
1.199
1.2012
1.2034
1.2056
1.2078
1.21
1.2122
1.2144
1.2166
1.2188
1.221
1.2232
1.2254
1.2276
1.2298
1.232
1.2342
1.2364
1.2386
1.2408
1.243
1.2452
1.2474
1.2496
1.2518
1.254
1.2562
1.2584
1.2606
1.2628
1.265
1.2672
1.2694
1.2716
1.2738
1.276
1.2782
1.2804
1.2826
1.2848
1.287
1.2892
1.2914
1.2936
1.2958
1.298
1.3002
1.3024
1.3046
1.3068
1.309
1.3112
1.3134
1.3156
1.3178
1.32
1.3222
1.3244
1.3266
1.3288
1.331
1.3332
1.3354
1.3376
1.3398
1.342
1.3442
1.3464
1.3486
1.3508
1.353
1.3552
1.3574
1.3596
1.3618
1.364
1.3662
1.3684
1.3706
1.3728
1.375
1.3772
1.3794
1.3816
1.3838
1.386
1.3882
1.3904
1.3926
1.3948
1.397
1.3992
1.4014
1.4036
1.4058
1.408
1.4102
1.4124
1.4146
1.4168
1.419
1.4212
1.4234
1.4256
1.4278
1.43
1.4322
1.4344
1.4366
1.4388
1.441
1.4432
1.4454
1.4476
1.4498
1.452
1.4542
1.4564
1.4586
1.4608
1.463
1.4652
1.4674
1.4696
1.4718
1.474
1.4762
1.4784
1.4806
1.4828
1.485
1.4872
1.4894
1.4916
1.4938
1.496
1.4982
1.5004
1.5026
1.5048
1.507
1.5092
1.5114
1.5136
1.5158
1.518
1.5202
1.5224
1.5246
1.5268
1.529
1.5312
1.5334
1.5356
1.5378
1.54
1.5422
1.5444
1.5466
1.5488
1.551
1.5532
1.5554
1.5576
1.5598
1.562
1.5642
1.5664
1.5686
1.5708
1.573
1.5752
1.5774
1.5796
1.5818
1.584
1.5862
1.5884
1.5906
1.5928
1.595
1.5972
1.5994
1.6016
1.6038
1.606
1.6082
1.6104
1.6126
1.6148
1.617
1.6192
1.6214
1.6236
1.6258
1.628
1.6302
1.6324
1.6346
1.6368
1.639
1.6412
1.6434
1.6456
1.6478
1.65
1.6522
1.6544
1.6566
1.6588
1.661
1.6632
1.6654
1.6676
1.6698
1.672
1.6742
1.6764
1.6786
1.6808
1.683
1.6852
1.6874
1.6896
1.6918
1.694
1.6962
1.6984
1.7006
1.7028
1.705
1.7072
1.7094
1.7116
1.7138
1.716
1.7182
1.7204
1.7226
1.7248
1.727
1.7292
1.7314
1.7336
1.7358
1.738
1.7402
1.7424
1.7446
1.7468
1.749
1.7512
1.7534
1.7556
1.7578
1.76
1.7622
1.7644
1.7666
1.7688
1.771
1.7732
1.7754
1.7776
1.7798
1.782
1.7842
1.7864
1.7886
1.7908
1.793
1.7952
1.7974
1.7996
1.8018
1.804
1.8062
1.8084
1.8106
1.8128
1.815
1.8172
1.8194
1.8216
1.8238
1.826
1.8282
1.8304
1.8326
1.8348
1.837
1.8392
1.8414
1.8436
1.8458
1.848
1.8502
1.8524
1.8546
1.8568
1.859
1.8612
1.8634
1.8656
1.8678
1.87
1.8722
1.8744
1.8766
1.8788
1.881
1.8832
1.8854
1.8876
1.8898
1.892
1.8942
1.8964
1.8986
1.9008
1.903
1.9052
1.9074
1.9096
1.9118
1.914
1.9162
1.9184
1.9206
1.9228
1.925
1.9272
1.9294
1.9316
1.9338
1.936
1.9382
1.9404
1.9426
1.9448
1.947
1.9492
1.9514
1.9536
1.9558
1.958
1.9602
1.9624
1.9646
1.9668
1.969
1.9712
1.9734
1.9756
1.9778
1.98
1.9822
1.9844
1.9866
1.9888
1.991
1.9932
1.9954
1.9976
1.9998
2.002
2.0042
2.0064
2.0086
2.0108
2.013
2.0152
2.0174
2.0196
2.0218
2.024
2.0262
2.0284
2.0306
2.0328
2.035
2.0372
2.0394
2.0416
2.0438
2.046
2.0482
2.0504
2.0526
2.0548
2.057
2.0592
2.0614
2.0636
2.0658
2.068
2.0702
2.0724
2.0746
2.0768
2.079
2.0812
2.0834
2.0856
2.0878
2.09
2.0922
2.0944
2.0966
2.0988
2.101
2.1032
2.1054
2.1076
2.1098
2.112
2.1142
2.1164
2.1186
2.1208
2.123
2.1252
2.1274
2.1296
2.1318
2.134
2.1362
2.1384
2.1406
2.1428
2.145
2.1472
2.1494
2.1516
2.1538
2.156
2.1582
2.1604
2.1626
2.1648
2.167
2.1692
2.1714
2.1736
2.1758
2.178
2.1802
2.1824
2.1846
2.1868
2.189
2.1912
2.1934
2.1956
2.1978
2.2
