0
2.03924493563801e-05
7.148969487085468e-05
0.0001422578809146628
0.0002255523118972928
0.0003167470413205535
0.0004128473457912276
0.0005119149322101664
0.0006126956818966791
0.0007143785647109377
0.0008164395034514529
0.0009185402550195943
0.001020462922365148
0.001122067542170801
0.001223264617191476
0.001323997327274267
0.00142423000863001
0.001523940692643484
0.001623116273782511
0.001721749380203189
0.001819836347080442
0.001917375904101825
0.002014368325478217
0.002110814879496408
0.00220671747206529
0.002302078415898881
0.002396900281065961
0.002491185798235377
0.002584937796048694
0.002678159160594732
0.002770852809197844
0.002863021673476103
0.00295466868840279
0.003045796785255662
0.003136408887083874
0.003226507905805248
0.003316096740359214
0.003405178275543264
0.003493755381291879
0.003581830912241845
0.003669407707482843
0.003756488590427867
0.003843076368761058
0.003929173834435485
0.004014783763703116
0.004099908917165439
0.004184552039837291
0.004268715861219062
0.004352403095374146
0.004435616441009623
0.004518358581558848
0.004600632185265121
0.004682439905265872
0.004763784379677012
0.004844668231677231
0.004925094069592079
0.005005064486977758
0.005084582062704539
0.005163649361039798
0.00524226893173061
0.005320443310085919
0.005398175017058262
0.005475466559325033
0.00555232042936931
0.005628739105560211
0.005704725052232826
0.005780280719767664
0.005855408544669685
0.005930110949646857
0.006004390343688291
0.006078249122141924
0.006151689666791762
0.006224714345934683
0.006297325514456817
0.006369525513909477
0.006441316672584676
0.006512701305590207
0.006583681714924296
0.006654260189549844
0.006724439005468236
0.006794220425792735
0.006863606700821472
0.006932600068110003
0.007001202752543467
0.00706941696640834
0.007137244909463767
0.007204688769012511
0.007271750719971476
0.007338432924941854
0.007404737534278858
0.007470666686161067
0.007536222506659381
0.007601407109805577
0.007666222597660487
0.007730671060381782
0.007794754576291374
0.007858475211942439
0.007921835022186061
0.00798483605023749
0.008047480327742039
0.008109769874840597
0.00817170670023477
0.008233292801251664
0.008294530163908288
0.008355420762975603
0.008415966562042205
0.008476169513577641
0.008536031558995381
0.008595554628715411
0.008654740642226499
0.008713591508148082
0.008772109124291825
0.008830295377722817
0.008888152144820418
0.008945681291338782
0.009002884672467014
0.009059764132888996
0.00911632150684288
0.00917255861818023
0.009228477280424842
0.009284079296831227
0.009339366460442759
0.009394340554149498
0.009449003350745689
0.009503356612986919
0.009557402093646975
0.009611141535574359
0.009664576671748495
0.009717709225335613
0.009770540909744312
0.009823073428680825
0.009875308476203945
0.00992724773677967
0.009978892885335513
0.01003024558731452
0.01008130749872896
0.01013208026621377
0.01018256552707962
0.01023276490936569
0.01028268003189224
0.01033231250431276
0.01038166392716589
0.01043073589192704
0.01047952998105969
0.01052804776806648
0.01057629081753988
0.01062426068521268
0.01067195891800815
0.01071938705408995
0.01076654662291169
0.01081343914526629
0.01086006613333498
0.01090642909073612
0.01095252951257365
0.0109983688854853
0.01104394868769056
0.01108927038903832
0.01113433545105429
0.01117914532698811
0.01122370146186025
0.01126800529250857
0.01131205824763468
0.01135586174784998
0.01139941720572152
0.01144272602581753
0.01148578960475268
0.01152860933123319
0.01157118658610154
0.01161352274238104
0.01165561916532012
0.01169747721243629
0.01173909823356
0.01178048357087812
0.01182163455897723
0.01186255252488664
0.01190323878812125
0.01194369466072402
0.01198392144730832
0.01202392044510001
0.01206369294397925
0.01210324022652211
0.01214256356804193
0.01218166423663042
0.01222054349319861
0.01225920259151745
0.01229764277825828
0.01233586529303301
0.01237387136843412
0.01241166223007439
0.01244923909662641
0.01248660317986192
0.01252375568469086
0.01256069780920021
0.01259743074469266
0.01263395567572502
0.01267027378014639
0.01270638622913618
0.01274229418724185
0.01277799881241649
0.01281350125605615
0.01284880266303695
0.01288390417175204
0.01291880691414826
0.01295351201576269
0.01298802059575893
0.01302233376696318
0.01305645263590013
0.01309037830282867
0.01312411186177731
0.01315765440057953
0.01319100700090882
0.01322417073831355
0.01325714668225171
0.01328993589612534
0.01332253943731483
0.01335495835721307
0.01338719370125928
0.01341924650897279
0.0134511178139865
0.01348280864408028
0.01351432002121406
0.01354565296156081
0.01357680847553929
0.01360778756784667
0.01363859123749089
0.0136692204778229
0.01369967627656868
0.01372995961586111
0.01376007147227163
0.01379001281684172
0.01381978461511423
0.01384938782716453
0.01387882340763141
0.01390809230574797
0.0139371954653721
0.01396613382501705
0.01399490831788159
0.01402351987188016
0.01405196940967278
0.01408025784869479
0.01410838610118646
0.01413635507422239
0.01416416566974077
0.01419181878457244
0.01421931531046987
0.01424665613413585
0.01427384213725213
0.01430087419650781
0.01432775318362768
0.01435447996540025
0.01438105540370576
0.01440748035554395
0.01443375567306169
0.0144598822035805
0.01448586078962381
0.01451169226894419
0.01453737747455033
0.01456291723473391
0.01458831237309631
0.01461356370857518
0.01463867205547085
0.01466363822347257
0.01468846301768463
0.01471314723865232
0.01473769168238777
0.01476209714039559
0.01478636439969839
0.0148104942428622
0.01483448744802166
0.01485834478890515
0.0148820670348597
0.01490565495087585
0.01492910929761228
0.01495243083142036
0.01497562030436852
0.01499867846426652
0.01502160605468958
0.01504440381500232
0.01506707248038263
0.01508961278184538
0.01511202544626596
0.01513431119640377
0.01515647075092549
0.01517850482442827
0.01520041412746277
0.01522219936655608
0.01524386124423449
0.01526540045904616
0.01528681770558365
0.01530811367450628
0.01532928905256248
0.01535034452261185
0.01537128076364722
0.01539209845081658
0.01541279825544477
0.01543338084505521
0.01545384688339138
0.01547419703043824
0.0154944319424435
0.01551455227193881
0.01553455866776076
0.01555445177507185
0.01557423223538127
0.01559390068656558
0.01561345776288931
0.01563290409502537
0.01565224031007542
0.0156714670315901
0.0156905848795891
0.01570959447058119
0.01572849641758409
0.01574729133014425
0.01576597981435646
0.01578456247288345
0.01580303990497529
0.01582141270648876
0.01583968146990649
0.01585784678435614
0.01587590923562936
0.01589386940620067
0.01591172787524629
0.01592948521866276
0.01594714200908556
0.01596469881590755
0.01598215620529733
0.01599951474021752
0.01601677498044288
0.01603393748257841
0.01605100280007724
0.01606797148325853
0.01608484407932518
0.01610162113238149
0.01611830318345073
0.01613489077049254
0.01615138442842031
0.01616778468911841
0.01618409208145938
0.01620030713132093
0.01621643036160295
0.01623246229224434
0.01624840344023979
0.01626425431965643
0.01628001544165044
0.01629568731448354
0.01631127044353932
0.01632676533133961
0.01634217247756063
0.01635749237904914
0.01637272552983845
0.01638787242116434
0.01640293354148091
0.01641790937647634
0.01643280040908854
0.01644760711952073
0.01646232998525693
0.01647696948107735
0.01649152607907369
0.01650600024866439
0.01652039245660975
0.01653470316702699
0.0165489328414052
0.01656308193862027
0.01657715091494959
0.0165911402240869
0.01660505031715679
0.01661888164272934
0.01663263464683452
0.01664630977297665
0.0166599074621486
0.01667342815284611
0.01668687228108186
0.01670024028039959
0.01671353258188801
0.01672674961419478
0.01673989180354025
0.01675295957373129
0.01676595334617489
0.01677887353989178
0.01679172057152994
0.01680449485537804
0.01681719680337878
0.01682982682514219
0.01684238532795883
0.01685487271681295
0.01686728939439551
0.0168796357611172
0.01689191221512134
0.0169041191522967
0.0169162569662903
0.01692832604852009
0.01694032678818756
0.0169522595722903
0.0169641247856345
0.01697592281084732
0.01698765402838927
0.01699931881656645
0.01701091755154275
0.01702245060735199
0.01703391835591
0.01704532116702657
0.01705665940841741
0.01706793344571601
0.01707914364248539
0.01709029036022987
0.01710137395840673
0.01711239479443773
0.01712335322372074
0.01713424959964112
0.01714508427358315
0.01715585759494136
0.0171665699111318
0.01717722156760322
0.01718781290784825
0.01719834427341442
0.01720881600391524
0.01721922843704111
0.01722958190857022
0.01723987675237935
0.01725011330045471
0.01726029188290257
0.01727041282795995
0.01728047646200517
0.01729048310956843
0.0173004330933422
0.0173103267341917
0.01732016435116519
0.01732994626150431
0.01733967278065425
0.01734934422227398
0.01735896089824632
0.01736852311868804
0.01737803119195982
0.01738748542467623
0.01739688612171558
0.01740623358622978
0.01741552811965413
0.01742477002171697
0.01743395959044944
0.01744309712219502
0.01745218291161911
0.01746121725171854
0.01747020043383102
0.01747913274764452
0.01748801448120661
0.01749684592093376
0.01750562735162058
0.01751435905644901
0.01752304131699741
0.0175316744132497
0.01754025862360434
0.01754879422488333
0.01755728149234113
0.01756572069967356
0.01757411211902658
0.01758245602100511
0.01759075267468173
0.01759900234760537
0.01760720530580993
0.01761536181382287
0.01762347213467372
0.01763153652990258
0.01763955525956857
0.01764752858225815
0.01765545675509355
0.017663340033741
0.01767117867241897
0.01767897292390642
0.01768672303955091
0.01769442926927671
0.01770209186159286
0.01770971106360121
0.01771728712100435
0.01772482027811355
0.01773231077785664
0.01773975886178587
0.01774716477008562
0.01775452874158026
0.01776185101374174
0.01776913182269732
0.01777637140323716
0.01778356998882189
0.01779072781159014
0.01779784510236605
0.01780492209066665
0.01781195900470935
0.01781895607141923
0.01782591351643637
0.01783283156412316
0.0178397104375715
0.01784655035861001
0.01785335154781116
0.01786011422449845
0.01786683860675339
0.0178735249114226
0.01788017335412476
0.01788678414925763
0.01789335751000486
0.01789989364834298
0.01790639277504812
0.01791285509970292
0.0179192808307032
0.01792567017526472
0.01793202333942989
0.01793834052807432
0.01794462194491354
0.0179508677925095
0.01795707827227713
0.01796325358449079
0.0179693939282908
0.01797549950168981
0.0179815705015792
0.01798760712373544
0.01799360956282639
0.01799957801241757
0.01800551266497842
0.01801141371188851
0.01801728134344368
0.01802311574886221
0.01802891711629093
0.01803468563281122
0.01804042148444512
0.01804612485616131
0.01805179593188105
0.01805743489448411
0.0180630419258147
0.01806861720668731
0.01807416091689256
0.01807967323520297
0.01808515433937874
0.01809060440617349
0.01809602361133995
0.01810141212963563
0.01810677013482846
0.01811209779970237
0.01811739529606292
0.01812266279474276
0.01812790046560719
0.01813310847755966
0.01813828699854714
0.01814343619556561
0.01814855623466541
0.01815364728095659
0.01815870949861425
0.01816374305088385
0.01816874810008642
0.01817372480762387
0.0181786733339841
0.01818359383874629
0.01818848648058592
0.01819335141728001
0.01819818880571211
0.01820299880187742
0.01820778156088779
0.01821253723697673
0.01821726598350439
0.0182219679529625
0.01822664329697928
0.01823129216632436
0.0182359147109136
0.01824051107981395
0.01824508142124825
0.01824962588260001
0.01825414461041817
0.0182586377504218
0.01826310544750485
0.01826754784574078
0.01827196508838719
0.01827635731789052
0.01828072467589054
0.018285067303225
0.01828938533993412
0.01829367892526514
0.01829794819767679
0.01830219329484378
0.01830641435366118
0.01831061151024893
0.01831478489995613
0.01831893465736547
0.01832306091629755
0.01832716380981519
0.01833124347022773
0.01833530002909529
0.01833933361723301
0.0183433443647153
0.01834733240087998
0.0183512978543325
0.01835524085295004
0.01835916152388569
0.01836305999357251
0.01836693638772761
0.01837079083135624
0.01837462344875575
0.01837843436351969
0.01838222369854169
0.01838599157601954
0.01838973811745904
0.01839346344367795
0.01839716767480989
0.01840085093030821
0.01840451332894983
0.01840815498883912
0.01841177602741162
0.01841537656143791
0.01841895670702733
0.01842251657963174
0.01842605629404925
0.01842957596442791
0.01843307570426938
0.01843655562643261
0.01844001584313749
0.01844345646596842
0.01844687760587798
0.01845027937319043
0.01845366187760532
0.01845702522820104
0.01846036953343826
0.01846369490116352
0.01846700143861266
0.01847028925241426
0.01847355844859314
0.01847680913257372
0.01848004140918344
0.01848325538265614
0.01848645115663545
0.01848962883417807
0.01849278851775716
0.0184959303092656
0.0184990543100193
0.01850216062076045
0.01850524934166076
0.01850832057232473
0.01851137441179283
0.0185144109585447
0.01851743031050233
0.01852043256503322
0.0185234178189535
0.01852638616853107
0.01852933770948872
0.0185322725370072
0.01853519074572825
0.01853809242975774
0.01854097768266861
0.01854384659750397
0.01854669926678004
0.01854953578248917
0.01855235623610278
0.01855516071857432
0.01855794932034222
0.01856072213133279
0.01856347924096312
0.01856622073814395
0.01856894671128257
0.01857165724828566
0.0185743524365621
0.01857703236302582
0.01857969711409858
0.01858234677571277
0.01858498143331418
0.01858760117186476
0.01859020607584533
0.01859279622925837
0.01859537171563064
0.01859793261801595
0.01860047901899779
0.01860301100069202
0.01860552864474952
0.0186080320323588
0.01861052124424863
0.01861299636069065
0.01861545746150194
0.01861790462604763
0.01862033793324342
0.01862275746155814
0.01862516328901628
0.01862755549320051
0.0186299341512542
0.01863229933988385
0.01863465113536162
0.01863698961352777
0.01863931484979311
0.01864162691914142
0.01864392589613187
0.01864621185490144
0.01864848486916731
0.01865074501222921
0.0186529923569718
0.01865522697586704
0.01865744894097651
0.0186596583239537
0.0186618551960464
0.01866403962809891
0.0186662116905544
0.01866837145345712
0.01867051898645469
0.01867265435880038
0.01867477763935525
0.01867688889659046
0.01867898819858943
0.01868107561305007
0.01868315120728693
0.01868521504823336
0.01868726720244374
0.01868930773609554
0.01869133671499151
0.01869335420456178
0.01869536026986598
0.01869735497559532
0.01869933838607469
0.01870131056526474
0.01870327157676395
0.01870522148381063
0.01870716034928503
0.01870908823571132
0.0187110052052596
0.01871291131974797
0.01871480664064443
0.01871669122906894
0.01871856514579536
0.0187204284512534
0.01872228120553058
0.01872412346837417
0.01872595529919312
0.01872777675705998
0.01872958790071276
0.01873138878855689
0.01873317947866706
0.0187349600287891
0.01873673049634187
0.01873849093841907
0.0187402414117911
0.0187419819729069
0.01874371267789576
0.01874543358256912
0.01874714474242241
0.01874884621263677
0.0187505380480809
0.0187522203033128
0.01875389303258151
0.01875555628982889
0.01875721012869135
0.01875885460250158
0.01876048976429025
0.01876211566678776
0.01876373236242591
0.01876533990333958
0.01876693834136847
0.01876852772805868
0.01877010811466448
0.01877167955214987
0.01877324209119028
0.01877479578217416
0.01877634067520466
0.01877787682010118
0.01877940426640105
0.01878092306336107
0.01878243325995911
0.01878393490489571
0.01878542804659563
0.01878691273320943
0.01878838901261501
0.01878985693241913
0.01879131653995901
0.01879276788230379
0.0187942110062561
0.01879564595835351
0.0187970727848701
0.0187984915318179
0.0187999022449484
0.01880130496975399
0.0188026997514695
0.01880408663507357
0.01880546566529018
0.01880683688659002
0.01880820034319199
0.01880955607906458
0.0188109041379273
0.0188122445632521
0.01881357739826477
0.01881490268594632
0.01881622046903438
0.01881753079002457
0.01881883369117186
0.01882012921449198
0.01882141740176273
0.01882269829452531
0.01882397193408572
0.01882523836151604
0.0188264976176558
0.01882774974311324
0.01882899477826667
0.01883023276326575
0.01883146373803279
0.01883268774226404
0.01883390481543094
0.01883511499678145
0.01883631832534127
0.01883751483991512
0.01883870457908796
0.01883988758122628
0.01884106388447931
0.01884223352678027
0.01884339654584755
0.01884455297918598
0.018845702864088
0.01884684623763488
0.01884798313669792
0.01884911359793963
0.01885023765781491
0.01885135535257222
0.01885246671825479
0.01885357179070171
0.01885467060554916
0.01885576319823152
0.0188568496039825
0.01885792985783633
0.01885900399462881
0.01886007204899851
0.01886113405538784
0.0188621900480442
0.01886324006102103
0.01886428412817895
0.01886532228318685
0.01886635455952295
0.01886738099047591
0.01886840160914588
0.01886941644844557
0.01887042554110133
0.0188714289196542
0.01887242661646094
0.01887341866369509
0.01887440509334799
0.01887538593722985
0.01887636122697074
0.01887733099402162
0.01887829526965535
0.01887925408496771
0.0188802074708784
0.01888115545813202
0.0188820980772991
0.01888303535877704
0.01888396733279111
0.01888489402939544
0.01888581547847396
0.0188867317097414
0.0188876427527442
0.01888854863686151
0.01888944939130612
0.01889034504512536
0.01889123562720214
0.01889212116625577
0.01889300169084295
0.01889387722935867
0.01889474781003712
0.01889561346095264
0.01889647421002057
0.01889733008499818
0.01889818111348557
0.01889902732292655
0.01889986874060951
0.01890070539366834
0.01890153730908328
0.01890236451368176
0.01890318703413934
0.01890400489698049
0.01890481812857951
0.01890562675516133
0.01890643080280239
0.01890723029743146
0.0189080252648305
0.01890881573063547
0.01890960172033716
0.01891038325928202
0.01891116037267297
0.01891193308557022
0.01891270142289207
0.01891346540941571
0.01891422506977804
0.01891498042847644
0.01891573150986958
0.01891647833817819
0.01891722093748585
0.01891795933173977
0.01891869354475153
0.01891942360019791
0.01892014952162159
0.01892087133243196
0.01892158905590583
0.01892230271518822
0.01892301233329307
0.01892371793310402
0.01892441953737511
0.01892511716873155
0.01892581084967042
0.01892650060256142
0.01892718644964757
0.01892786841304593
0.01892854651474834
0.01892922077662208
0.01892989122041064
0.01893055786773435
0.01893122074009113
0.01893187985885716
0.01893253524528759
0.01893318692051719
0.01893383490556106
0.0189344792213153
0.01893511988855769
0.01893575692794834
0.01893639036003038
0.01893702020523061
0.01893764648386016
0.01893826921611513
0.0189388884220773
0.01893950412171469
0.01894011633488227
0.01894072508132258
0.01894133038066635
0.01894193225243316
0.01894253071603207
0.0189431257907622
0.01894371749581343
0.01894430585026694
0.01894489087309589
0.01894547258316596
0.01894605099923606
0.01894662613995882
0.01894719802388127
0.01894776666944542
0.01894833209498886
0.0189488943187453
0.01894945335884524
0.01895000923331649
0.01895056196008481
0.0189511115569744
0.01895165804170858
0.01895220143191027
0.01895274174510262
0.01895327899870956
0.01895381321005633
0.01895434439637007
0.0189548725747804
0.0189553977623199
0.01895591997592472
0.01895643923243511
0.01895695554859596
0.01895746894105733
0.01895797942637501
0.01895848702101103
0.0189589917413342
0.01895949360362066
0.01895999262405437
0.01896048881872764
0.01896098220364167
0.01896147279470703
0.01896196060774422
0.01896244565848414
0.01896292796256861
0.0189634075355509
0.01896388439289617
0.01896435854998203
0.01896483002209901
0.01896529882445105
0.01896576497215601
0.01896622848024613
0.01896668936366853
0.01896714763728569
0.01896760331587593
0.01896805641413389
0.018968506946671
0.01896895492801595
0.01896940037261516
0.01896984329483323
0.01897028370895345
0.01897072162917821
0.01897115706962946
0.01897159004434922
0.01897202056729997
0.01897244865236513
0.01897287431334951
0.01897329756397976
0.01897371841790477
0.01897413688869616
0.0189745529898487
0.01897496673478075
0.01897537813683466
0.01897578720927726
0.01897619396530024
0.01897659841802059
0.01897700058048102
0.01897740046565039
0.01897779808642413
0.01897819345562464
0.0189785865860017
0.01897897749023292
0.01897936618092409
0.01897975267060965
0.01898013697175303
0.01898051909674712
0.0189808990579146
0.01898127686750839
0.01898165253771203
